9985
10056
10067
10267
10287
10011
10039
10020
10022
9994
10010
10007
10082
10321
9958
10004
10057
9973
9965
10053
10162
10090
9978
10225
10003
10050
9975
10253
10043
10026
10193
9984
10098
10035
10027
10112
10030
10231
10052
10017
10209
10060
9991
10018
10015
10049
10012
10239
9964
9989
10048
10037
9988
9982
9962
9979
10168
9966
10032
10075
10024
10078
9986
10154
9972
10028
10178
9993
9963
9959
10245
10013
10307
10058
10320
10034
10230
10025
9992
10059
10001
9999
10021
9987
10102
9997
9970
10046
10042
9956
9969
10302
9960
10008
10036
10070
10045
10234
10051
9983
