218
5061
5400
4296
2832
6028
3372
2565
3320
2643
3500
3720
1929
5029
3714
5494
1214
3215
1539
5938
1615
145
4679
1098
5358
859
293
817
1692
2328
5549
826
4400
3343
1783
345
3837
5901
1888
2011
1203
3267
2730
298
4587
2817
5707
6198
291
975
3089
5071
429
6175
5193
91
9
3210
283
2720
3962
276
984
1667
2395
3906
4461
5851
2760
5121
995
4321
2438
6196
4007
3836
2758
5153
5908
2978
4129
3998
4443
584
1440
3477
3172
3232
3306
3524
1461
1464
5360
1298
3307
3318
5466
2454
254
281
4691
6259
5631
517
5917
2916
1429
4985
5098
3126
580
5161
3115
2339
1038
27
3887
5245
4407
2579
2123
347
5985
1971
4670
5017
3705
173
3444
1465
1191
253
2904
3082
5946
4379
3206
2071
4441
5229
256
4846
3917
5548
2808
4770
5887
5219
6271
4111
3952
4108
4375
4803
5740
4581
3502
617
1644
1975
1554
3578
2883
963
116
1610
2694
2213
1752
2176
934
3430
3497
5930
5577
1933
2379
2533
3909
537
3134
1028
5336
228
4961
647
4016
545
1673
308
383
2986
5557
1923
4857
3630
162
6127
4578
2318
2552
4133
3932
3886
279
6251
4015
1405
3400
1284
2200
1856
943
4186
1122
2988
3955
1528
1197
1742
3285
1536
5895
1233
2478
6169
4732
1190
614
6167
3047
5926
2426
5418
2743
2094
2085
5675
1007
4278
4897
4092
977
4951
1142
3022
3003
5228
3063
5099
3140
5997
1148
814
5892
5306
106
1810
6212
350
4197
1607
3870
3582
898
3981
791
1583
1173
2655
686
4759
459
3910
4031
6101
3085
1448
5386
2183
4956
107
1444
4230
2538
3779
96
2908
4202
575
4526
6222
4882
1617
4494
6001
2889
5093
3980
5935
2796
388
770
4267
837
991
2513
10
1862
209
2710
4592
4817
3602
3276
2733
5910
2039
1068
3217
1139
3247
2836
2853
2037
2728
4875
3982
5627
6166
4626
2601
519
5330
1481
4210
341
1801
246
1640
5559
2792
2029
5420
3050
4946
2036
4535
2835
3414
1375
4612
2324
2249
492
938
2659
6211
5106
6142
2367
2688
5350
1452
6193
2369
2010
1608
2791
5038
52
104
4760
1798
3835
1292
1013
3474
2203
3699
102
3975
4393
231
117
3514
5430
93
5659
2948
2773
1915
5488
2563
3768
4580
1488
1144
1015
1571
796
100
436
2025
2866
4633
4919
357
5807
4019
4576
1746
1926
2186
1336
3733
2489
4855
1782
4449
953
5733
466
622
2857
5785
5288
55
3915
2448
5180
4269
532
3533
4457
3651
3668
5929
5408
3137
1784
5606
6103
5486
1280
5189
2470
1543
3411
2294
3971
5472
81
2905
5425
4418
965
4372
1715
917
5583
3439
5324
4208
4004
5889
1324
1612
5322
6227
911
5152
4654
4072
4177
5317
4305
6207
5043
1434
3403
2712
1346
3018
4381
5979
5717
109
2210
180
1123
2685
1009
4075
1603
4234
2980
265
3078
2257
4490
1659
1237
2750
5876
4859
4275
3183
1568
5524
244
4609
2004
722
4127
900
3049
2983
1202
224
978
3060
1526
3547
4757
4771
1247
3544
5211
2942
4678
3275
5082
3209
5805
3747
5483
282
2877
1449
2822
1660
2431
2096
4933
2802
5073
1362
3554
5923
202
6231
1364
266
322
6072
3632
2159
2744
4949
1054
3447
5982
5502
3412
2291
3596
4198
840
5401
2847
1279
2985
919
5301
1920
4820
1925
2939
3235
2390
5396
5370
716
2922
5397
3621
1024
5372
4366
4620
168
1494
3633
3943
2182
1821
473
5624
1286
1472
2994
567
3234
4213
2073
66
4307
5692
2092
6132
671
3893
2804
5003
34
5083
1906
1471
5250
4625
3832
1463
2238
3869
5321
320
5334
3539
5107
2910
3429
2801
1521
3476
1266
3784
3927
4062
1945
3951
12
3842
673
3806
294
536
1121
3079
3387
3238
5948
2781
1369
33
2370
3608
1793
4395
4680
1255
860
144
1039
1669
324
1795
5552
1401
4799
4246
4090
1147
3046
1567
4999
3081
1898
4573
6073
443
1994
4800
1238
4909
1869
3116
3421
1287
5719
5941
3133
1556
4242
5916
3859
5437
2560
5837
4674
5008
1637
832
3304
3588
157
5298
3550
964
3905
4362
1315
2871
5157
1384
3540
762
5204
1424
1954
3065
2952
3605
833
5345
4080
261
4974
5411
3384
4308
3801
5869
829
1817
4260
477
331
3740
215
1854
701
5124
1999
820
1236
6267
4192
1831
16
1474
4566
1690
314
3868
3038
504
768
48
2132
6226
3350
4500
4264
3465
599
2706
1283
1978
2254
4577
5295
3978
2858
4749
612
5188
854
2392
2251
5956
2174
1904
5532
5130
2207
4384
5308
4135
1651
3442
663
541
2764
5112
2607
2526
5383
4440
5969
958
4854
3612
5323
6151
4954
5750
3704
95
3273
5514
3264
3876
5388
1447
2624
3274
3260
6242
211
1396
6176
2126
5315
4195
807
245
1973
704
489
1724
3207
4628
3048
1632
4753
5599
3656
2423
3818
5730
3877
993
571
214
4629
3239
3164
3451
2441
5628
4966
2838
152
5155
3198
1631
5332
5861
3690
1282
936
3370
4847
3990
3738
4157
5184
3922
3069
3624
90
4226
6224
5092
1021
613
1642
3660
2192
1289
2539
2546
2950
5715
2711
5796
3009
621
5233
3270
1044
1678
3491
1922
3395
2608
841
1118
2138
4262
2168
3881
2931
4668
4221
4165
3088
4467
4636
3241
3764
6281
5828
1558
5894
2953
5515
1908
6221
508
1408
4043
5227
2557
4448
6208
805
5105
5307
4215
1832
184
4769
4534
2380
2322
881
5587
849
2072
4631
1497
6056
2130
4124
2892
6015
449
2287
1860
2050
5933
5427
1670
309
5608
2656
945
3960
6199
5824
3513
2556
3278
3847
3569
2432
6012
553
3454
5568
2048
4318
2573
1114
6180
3331
2591
3948
318
111
3025
2918
461
1263
1417
4591
2416
766
2260
3824
4536
5341
4265
5681
198
390
359
3097
4131
5732
4166
1378
3255
2726
3775
2810
3334
5379
3973
5662
3590
797
4428
45
471
495
5016
1500
1905
1267
5745
6239
78
3598
1200
3928
2561
6084
4675
6092
6153
4925
3595
794
124
731
3445
4309
5598
1083
6094
3378
1707
2244
5742
2108
3419
507
1322
4727
6213
5661
5516
250
251
3686
5772
1482
1825
2329
3043
5299
2544
4350
4842
5269
886
1171
1381
6210
6037
6007
131
5004
4694
4550
367
2679
3631
5790
1851
3673
2001
3872
2444
2412
3931
5328
6
4217
579
1185
2366
5691
735
5646
1061
3490
4505
1387
4142
987
153
137
2314
6108
4083
1916
3543
4720
4151
997
1564
5316
1993
3374
5421
6276
773
5816
1040
954
5825
3723
3760
2915
1048
5792
743
6240
1853
2814
3698
1849
1605
3548
4752
4368
5393
1894
3161
4887
931
2066
3125
5886
3599
2479
4866
1295
627
783
4173
3342
4334
3520
2592
2220
5852
5416
632
4024
1261
4904
989
1312
172
4455
1507
3147
2148
2984
5567
2134
5131
6197
3722
3503
6077
926
6174
4485
4383
5115
5666
2693
4932
3093
1498
4115
481
2054
1404
3364
2272
4822
3803
5403
1962
2674
3033
4041
880
5460
4977
498
5022
5192
4109
2652
5108
4735
1317
358
3328
2005
3399
1156
559
3213
6263
4896
317
4659
1300
5920
6066
4828
3986
419
5713
4716
5607
2336
5440
2101
3146
2658
3825
1011
225
4061
1533
3589
4245
5102
2896
4618
5244
2030
866
2806
3071
3286
2495
2357
1351
3655
1509
4910
3300
3945
4719
1221
425
2047
5463
1508
4431
1355
3297
2482
5489
5275
2859
3942
5011
4107
4035
5924
6228
2919
3717
1504
3314
896
4138
3772
5075
515
3174
5518
1018
947
5443
5001
2413
242
920
3284
5428
5191
2701
3914
844
2185
730
3250
5208
2341
3208
1129
1366
6079
249
3861
918
2394
3920
3007
2196
3641
112
3516
5251
4568
2741
183
4648
3203
4259
1892
5872
5806
472
3964
594
1005
3756
25
1307
3606
372
3751
5932
1254
637
3263
3711
1358
5995
5060
1845
1944
1730
1470
5853
5701
718
2878
3129
6000
5364
4338
5988
5764
3667
5821
5653
2747
2007
1374
3348
5111
2476
5231
2052
3661
2763
3349
3941
1679
4175
5185
1078
5034
5077
35
5169
1687
2144
2673
1136
1186
5326
3546
6126
6160
5257
3853
2145
713
1415
335
3330
4161
2475
4575
4289
1775
1345
1445
3541
883
2995
3158
2264
4178
2381
4843
3012
1459
3080
3410
586
3366
98
2498
1250
3746
3823
4960
5922
3457
4170
1805
1575
4168
3083
4064
3110
5055
3448
2040
247
1619
2774
380
2232
4205
1551
2969
3269
3530
4356
3903
5576
3938
4685
2596
6244
4510
4702
1569
1335
744
1414
5706
2946
1800
1370
1016
4091
5584
2771
1302
2222
2419
2873
5615
4011
6119
4459
4068
2600
2635
3687
2070
1222
2483
1638
5747
5603
5613
5097
4028
2610
1702
2825
1125
4112
4378
1753
3480
5987
739
2429
5382
1701
1645
3649
4365
1499
5135
1111
2403
6034
1132
879
4983
2776
97
2784
5867
5290
2602
4585
4521
379
2227
2356
5899
1890
1495
3930
1467
2852
2194
928
2550
1822
2345
4987
4484
4957
2359
4813
2927
1893
326
1824
1294
6238
2762
3678
5471
1985
4779
1081
1970
5417
1601
2650
1047
497
1735
2034
263
2349
514
2343
2593
2799
910
138
1716
6168
2798
4465
2307
2136
4464
2049
191
6189
4744
4825
949
3302
3509
2800
5085
6061
374
197
3528
6026
4419
1086
2360
3754
976
1986
3529
3254
2228
562
4733
6059
68
1896
5076
4787
2239
2709
1107
3258
1681
2472
4438
538
638
3987
5939
4912
5281
5540
2972
5138
3672
376
4809
1656
5241
2954
5934
1777
3481
3564
1876
4692
4548
3176
2844
5690
1124
3671
303
2106
3925
418
4257
2335
1394
2653
3326
3729
1105
552
2212
4134
4123
1560
3566
2742
226
6111
3992
2898
2262
3728
968
1963
470
2299
1663
4582
5234
5620
160
1386
6104
4444
2237
2990
1943
1613
2016
4621
510
4248
895
3634
1167
5858
2347
2620
1085
5117
4994
857
5311
2581
3957
2162
4093
3515
2156
3597
636
856
438
5961
5499
1584
5238
542
3792
4937
1019
4528
2031
4653
593
3620
5371
6053
592
4996
1989
5230
2793
679
2961
843
5949
6039
1133
5838
2867
4705
2625
5156
4331
3926
5992
5651
3580
4681
1264
2125
2895
695
3383
2644
3130
1371
1961
3663
6106
5375
1501
922
3889
4363
2231
3436
5377
2080
439
217
2813
2623
1225
4150
761
3371
3979
3495
4274
203
3380
2278
821
1951
1310
581
732
1010
3329
2786
3659
4552
5220
4056
6018
248
3453
2208
5589
1433
5053
3289
2691
5064
3619
2811
4042
1847
777
4345
1031
4119
4200
3287
192
5634
5052
6100
1297
1416
4081
3064
3518
2928
4319
6031
5820
2160
3249
3966
1549
3335
3584
3643
2752
3194
4518
1974
4895
5700
3427
664
5261
5694
4707
1843
451
3891
2338
3315
2981
2707
785
4539
5673
5243
4225
1761
6083
5891
5804
2619
2276
433
2006
4615
1772
3466
5846
484
3549
4740
5012
4406
2477
1757
4390
5482
6260
4723
1357
3153
1388
2785
4544
3833
1308
480
4354
5347
5216
6004
4818
4106
4036
3359
5530
1515
3475
5313
5746
3431
2248
1400
3916
6219
2311
2376
149
2509
4322
1226
346
4712
1450
4434
2
5498
3301
5096
2344
4512
2564
5070
4936
1694
502
4711
3319
2104
2424
194
2410
609
2255
4869
129
1334
587
4858
6173
2065
5726
5015
2567
1733
5840
1987
1913
6150
2780
2914
5573
530
1032
4006
4922
6065
4238
4018
4216
3657
4486
1525
355
4741
3008
1480
3196
3223
5432
4499
4819
1790
4622
6078
4311
1984
5446
4889
2435
4632
4137
5266
3845
1995
3001
292
1544
2909
4520
6090
6275
402
1765
940
1212
2597
5384
3246
1918
1858
32
2588
5968
2976
2584
4823
2820
5937
672
71
1176
3271
2627
4969
59
4468
1383
6145
1581
5089
2406
2529
1113
1350
4793
4684
1475
2535
1950
4837
1586
1657
1112
4926
2320
5289
6120
6032
2718
193
1392
1804
5239
5247
2934
5468
690
597
4324
3011
903
5338
861
450
2945
4853
2775
3817
1706
1518
1368
1249
1460
1257
1100
3774
4876
4693
5116
3736
3769
790
366
3923
5390
1946
2437
2514
3579
909
1789
5850
4826
3265
3537
2923
2587
1306
2515
4030
5340
603
139
2460
2616
5882
3030
85
5091
4982
3228
4442
550
4343
4026
4491
5149
5399
328
3189
1380
2574
1232
5284
3099
1090
2368
5974
1002
1026
2580
1379
1937
1479
6050
115
578
5310
2779
1965
297
1934
3469
3504
4942
904
4698
4241
36
2516
437
6154
6268
4673
5223
5200
4184
2504
4778
2849
313
2540
3969
4295
2777
6177
3519
1857
2274
3061
3424
403
4728
2321
4627
3325
2962
6209
3155
1493
2739
3178
2140
5849
3058
4761
2191
2888
4597
5198
551
1728
2594
4697
4814
3592
1665
3144
5980
3944
447
2686
442
3327
4228
533
4314
942
1168
3181
1600
3478
143
392
434
2662
105
2195
2067
5561
3075
2458
255
5028
511
5727
810
2929
2492
1004
5784
1333
543
5556
1385
5921
6008
2772
3512
5302
2292
5221
588
2051
1848
4316
6057
3534
2333
1866
4596
4713
5095
3426
2122
3936
4829
3804
2725
4051
2795
4553
1239
1483
2913
1677
237
4413
4981
2963
6095
5023
5698
4458
6140
269
3054
5683
956
4017
2723
4503
4357
6273
5126
4706
5776
1063
5522
1195
4669
3407
4730
5757
6009
4944
5767
3890
446
3487
146
4472
232
2856
5090
815
529
5704
5026
3026
4756
3010
5484
4657
4941
99
3361
727
2241
1949
506
698
6158
6112
2327
1938
1529
5025
1422
3795
2519
1629
4839
5643
3997
2554
42
1980
3617
967
2296
5759
564
1589
1516
6006
5199
2388
73
5983
3352
1555
2389
343
167
974
4688
6005
3761
6122
3182
693
1487
5716
4347
5144
736
2664
540
1820
5335
3855
692
1198
1807
2215
4121
5325
4614
1885
2626
2672
6105
2079
629
5619
490
3521
4229
666
3409
4995
5758
5280
1736
3567
1979
1720
4105
3416
6214
6088
1691
894
2310
1649
948
4439
1390
852
5040
1161
5162
3610
1093
3983
4611
453
753
1157
2378
3901
4791
2500
327
950
5970
2646
3059
5254
3283
3933
5283
3002
2268
994
2807
4845
3629
5114
4297
133
3288
5203
5339
4703
1635
729
4452
4810
2502
3259
3625
771
2217
1134
4089
4540
6075
5763
5967
3062
3691
5827
4415
699
1614
3777
1140
996
2486
3492
5037
1217
4237
4833
122
2214
813
1826
8
5582
5958
5885
4767
1342
4975
1794
4185
682
5797
969
888
4048
5950
316
3351
3680
4023
396
204
2850
3118
5069
864
56
3171
5419
1522
2636
5137
3112
4569
3162
1159
992
3420
3114
715
4120
3037
1046
114
3759
1717
2855
1872
522
2113
262
2675
2559
1377
3913
2305
5164
127
2899
6186
565
2841
3800
2632
5529
874
5798
5252
778
3187
3974
2993
3523
2153
2003
3553
3294
156
5063
5780
4805
5652
476
5710
4066
6232
4725
4045
774
1998
3852
3911
2575
4511
13
1127
5542
5464
5259
3212
6076
485
2058
3165
4159
3696
3098
3677
2714
1624
3741
5451
1873
120
3999
2261
2309
58
2295
338
2809
5373
3305
1767
2189
4386
4417
574
6048
1365
2109
5570
3262
6265
5709
1406
3701
4304
990
80
1537
2107
5777
2422
1473
1808
2987
1367
2818
2647
360
128
554
5614
5830
3585
2882
2230
4992
3562
4325
5346
337
640
3950
2732
4604
4772
3689
5438
2890
4836
216
4840
5042
5739
222
1927
3248
6099
3828
3834
6003
3682
1272
1242
2386
933
2312
5473
201
2731
5600
2826
959
6107
5671
1149
6021
221
4405
3511
2812
905
4398
5736
3675
4519
2018
1420
3413
3650
5080
3338
4232
296
14
1130
4880
1874
4284
1441
454
1201
2936
4638
6093
521
3458
4663
818
5470
170
3892
5395
365
4894
764
1749
158
4471
3591
2022
5021
5936
6128
4335
2778
1573
1547
5248
3041
1621
1077
2146
534
842
3148
3827
2642
1947
4650
2951
5984
5119
782
3884
2891
5555
5597
1070
4352
2331
1260
1402
3695
1875
737
546
2064
2880
4000
1721
2445
2197
1770
1745
4560
872
2496
4281
4997
2234
2530
2391
4014
2590
5697
6269
5527
1151
3850
1818
2286
3157
5145
738
3976
2397
3344
444
4690
1050
745
4497
5990
5226
2363
2512
5612
3681
1146
5881
1428
1273
4784
307
5366
4914
4677
923
4160
3197
2285
5755
2633
1361
2102
2184
4881
5020
5781
1726
385
4409
1229
5363
2396
4913
3017
4169
235
1256
5255
1109
1352
2717
5866
5839
3179
834
2465
531
3753
5622
4310
4762
1049
2912
3107
4590
5536
620
1747
2293
3450
5654
1496
3076
496
2640
6067
1303
3636
3122
6016
6025
2076
3363
2133
3575
4261
4288
3838
4546
5617
1246
3583
4624
889
361
2471
1836
6133
869
5655
1094
5774
3805
1997
5170
6217
3854
493
1164
1205
780
1718
5664
966
2555
1051
2308
2870
5722
3820
5314
3603
2566
595
687
5699
4879
5166
2585
4774
26
5769
69
3220
5591
1959
4642
3749
2506
164
5329
1643
4647
3902
6129
3042
5686
2325
4776
3721
2243
1590
108
4329
1056
4708
3341
4821
4088
3883
3369
5592
3312
24
6262
2449
665
4610
823
3173
2661
1476
901
4923
5242
4943
2283
1095
2035
3102
2427
4194
3766
2362
3864
1983
2061
1258
5312
6011
4437
4130
5173
3748
486
4283
3362
3531
5803
4532
19
2722
4868
1902
6089
5944
5049
4561
72
1228
2247
4076
2970
5268
2845
82
619
5857
4114
1803
1535
2751
4231
633
299
670
3866
5981
4158
4065
724
3505
4207
457
2833
1058
1697
1169
4495
2621
728
37
3924
618
1813
4640
4164
2218
1734
6125
6188
5256
4370
4377
4256
4360
4239
40
4915
2729
474
1510
2881
5140
142
4353
3995
3501
1751
274
4715
1566
4773
6195
409
1981
2400
123
5854
4005
312
2666
5426
960
2149
2517
4394
2941
5171
802
3789
2252
2355
4002
4430
51
2316
2821
3482
1842
6147
4059
4928
3253
1207
6241
3652
957
3084
4930
499
4279
5883
5571
1743
47
721
3322
4786
4333
4917
5554
70
5267
5359
1189
4739
4743
525
1241
1650
4637
3719
2374
5479
556
3970
181
1737
3984
598
2143
4220
1928
4052
1917
411
3067
4317
2372
4765
4258
5955
3618
5636
2700
6235
2097
653
5544
1758
1868
924
590
1877
6042
4890
5183
4563
6194
6060
4835
1466
867
4768
5128
5292
5975
323
2313
583
3485
4291
3242
6045
4382
4666
3904
2271
5856
683
757
3700
3486
2494
3967
1870
1502
5725
4515
4634
2137
1304
5596
5343
3418
2568
5791
1683
2690
6274
5670
4411
2205
2949
5523
800
30
1787
4899
5424
3388
4555
3019
3908
685
5217
3968
420
702
1043
788
6272
6098
4032
4047
2569
4388
1025
3127
3865
2402
4602
2974
1029
916
2957
4862
3692
5442
399
5539
5120
3356
4962
2099
1438
3669
1053
5039
642
3044
15
749
2013
2582
569
2819
1339
336
3393
5454
2932
5179
970
4664
287
5006
2943
4780
3200
1143
2436
1588
1630
2127
4514
3299
5665
431
6130
1354
4055
2868
2373
4346
2466
1088
4315
4763
3739
1418
1006
5207
5787
404
4884
1
1709
3039
1628
5495
4562
1542
4991
5474
787
3191
4446
2761
2724
539
5260
2938
2794
5271
2026
3470
6114
5045
5521
5278
4661
2797
3201
6036
2696
4290
1633
5504
1676
5151
5133
3732
1076
825
2901
4807
1672
1126
1897
4655
1227
725
1403
44
230
1769
2869
5708
1799
5452
2848
151
1456
501
3496
5705
5724
4359
4009
2081
4617
1655
2827
4570
6229
5122
5812
1240
272
979
4436
2340
1332
3809
2641
2456
5647
2474
1291
3607
4877
650
1251
5918
801
4153
719
2971
5078
875
6091
3202
3216
3937
5650
5520
4008
2487
5602
2977
5477
835
3345
4543
5575
5286
304
6110
6002
520
1703
310
3674
1886
6124
2365
3124
5947
4163
1328
2277
3653
6043
339
83
3494
5456
4888
5337
2164
5545
6063
3358
2511
1318
3167
3070
2854
416
5531
4726
3226
1930
1689
17
3782
89
709
2043
5771
941
46
3386
5103
3776
2654
3323
1092
5580
591
4301
576
2657
483
3921
4312
1977
2467
1819
6270
6185
1248
1213
11
4214
5031
2180
1060
479
3959
4049
1128
2282
5914
5412
362
652
3193
1066
3211
5148
3225
846
4460
1219
630
3406
5994
1145
5168
5163
4504
5800
706
5667
4736
4255
475
3055
1439
1193
2165
4263
1446
2290
2746
1343
2782
882
1598
5143
302
5637
5318
150
3479
2399
321
6148
651
5966
378
252
3708
3006
1919
5320
5547
3811
4902
2933
648
4247
4098
5297
4477
1196
130
2027
4044
850
5744
3683
3693
4893
1841
6257
2317
2924
4235
5760
2907
219
53
6070
605
1075
6149
50
2083
4397
3821
971
3849
634
982
4530
1968
4094
1596
2233
4579
681
912
3799
5687
5
6052
3676
962
3688
5462
1311
3243
1744
2012
3073
4077
1116
5689
781
3461
6178
1899
2060
2586
3177
4506
1269
1762
3036
1881
3168
1230
5848
2639
4282
349
1152
4824
395
3028
4233
2681
4601
1552
4183
870
3988
2660
1057
2265
1523
3871
4252
812
3755
4103
277
3874
101
2603
1756
2463
1936
1565
2768
3103
1234
3385
60
229
4435
4140
1755
1625
3056
884
305
2075
2989
4501
3190
3498
789
1966
4299
5765
1314
2253
5352
3131
2442
1907
1524
3332
5190
691
3896
178
4508
1208
190
6155
4900
4850
1609
4873
2611
4794
4523
271
417
1262
1990
2439
5911
5036
2958
1395
4646
3750
2536
4020
596
113
512
1192
5604
6020
4271
890
3472
2740
1115
5728
3863
4754
1641
2937
1235
2119
1000
311
4984
1041
2216
1871
4462
3885
243
1313
1220
1421
4746
423
2473
1688
290
3440
4507
3707
3096
1030
4125
3900
1582
1188
4976
1079
4182
187
4498
1172
1779
4313
2273
6201
4050
1036
1953
5139
4644
544
5441
4502
1071
2179
1636
2520
456
5087
5066
4953
5356
4593
5009
110
3813
487
5435
2687
891
5232
1698
2551
3152
3324
5285
2638
2166
4689
5391
6062
3822
3763
2665
6138
2925
3858
2170
2256
3879
703
5134
4280
3180
410
6161
3898
3565
5461
1458
5224
2171
6215
3104
1293
1594
4149
4113
5865
2082
1604
1435
3654
29
1791
6225
6159
6184
1710
5296
5645
3867
697
6022
4665
2206
1708
3713
5240
463
77
154
659
505
3101
3425
3109
386
5657
3593
406
1492
2042
2930
3000
369
3743
677
6204
4872
5595
4849
2364
5007
5376
1340
1599
3014
549
199
4554
2032
1623
5159
1252
3291
2226
5209
1356
458
2719
1412
227
5206
5490
2289
639
2014
2955
121
4901
3236
3816
819
5905
3397
710
5481
2461
5822
4176
84
1091
5632
306
4385
4403
5783
2086
4240
1835
5429
4699
5362
3644
6243
6282
3628
644
2865
3600
2246
6206
3121
5035
3797
147
4013
4718
4898
5808
445
4181
952
3024
2425
2375
3222
4223
3994
3092
3279
2548
4939
5273
5834
2201
4886
3810
1941
5623
5258
384
1754
4492
5415
3423
3227
5656
4276
2280
5794
407
3462
1685
4721
5752
1117
4102
5068
616
3715
4476
1712
3862
20
2187
518
1341
6248
4433
4302
2790
5788
5413
5394
3355
3375
1423
2453
332
4244
6163
4079
674
4986
5884
3831
5444
1844
2019
892
1209
3045
558
4619
5422
5409
356
2497
1001
4141
426
92
1895
491
4146
3230
5859
5100
1814
3757
3106
1766
2306
2332
3256
5127
4391
1713
3702
4420
2173
626
88
5104
6146
1921
3142
747
5880
2645
5270
2281
1839
2098
1074
1271
1065
3685
79
1320
4788
4860
5013
6277
3846
4211
3013
2518
2409
1988
6252
3538
3781
1648
3392
5072
5450
340
5146
1711
3576
4
4806
1580
3365
5616
4040
2401
1982
3788
3360
3072
5909
5032
4193
1597
3907
6203
5855
3240
793
3346
2057
238
5648
5770
468
5222
448
2783
3186
3023
4701
696
2245
6049
5333
3767
3272
5741
5129
4351
1425
3709
5165
1658
4916
2999
1275
391
5434
2861
4775
5293
3508
2671
5410
2900
1281
1082
2947
1020
3727
4399
871
6071
196
3464
2708
2169
3637
1244
6205
776
1478
233
6069
608
2562
5210
1135
577
2354
3357
5174
1309
4021
1797
1514
2428
415
6135
557
2181
1216
1647
171
2161
828
4938
1410
786
4139
5878
6254
1175
2150
4187
1837
1099
2537
5010
1883
289
5676
1330
4781
2615
54
5748
4203
103
5550
5564
5965
2008
2411
5511
467
38
5423
4808
3771
2033
3016
6255
4038
1829
5526
1699
2997
1520
746
981
1270
2250
5877
3415
4167
4656
799
2862
1750
3052
1411
3594
2219
3347
1485
2876
5398
758
6223
2940
2572
315
836
4606
4731
5505
2745
1102
914
2319
767
2000
657
3860
1296
1087
1627
4122
4798
654
1443
2756
2926
4885
2697
1182
3428
1419
3615
4945
2190
236
5263
3139
3851
2358
3040
1084
5132
5044
5644
5508
929
573
3725
3572
3724
4509
5510
2175
4639
667
606
3894
2571
3989
5351
2116
2240
4940
2074
641
3563
5528
720
6171
375
5493
430
1823
3405
5897
5729
2334
1455
4402
1531
5079
4136
2235
2935
3848
4387
1901
342
1326
4285
1427
3499
700
5778
3645
441
3718
2350
452
5953
1806
1952
5835
5118
5406
2823
3560
6137
5831
1110
6179
207
3555
3762
2434
5753
5303
5569
5501
5789
4958
3337
212
561
4529
6191
4564
4143
2578
4268
4404
913
5723
3556
4796
2021
5773
2038
5862
4489
2846
4424
1506
2095
2089
3587
2263
413
3526
568
2668
1674
4227
752
1150
4190
1014
5294
655
5960
1942
6162
2670
5873
1397
1160
319
4001
3684
3132
4651
4955
4327
4603
5565
2629
2446
4764
4118
4421
5931
125
1903
711
877
523
3558
4155
3731
1852
5058
4292
1491
329
1732
2609
3623
240
2757
5864
2131
1089
509
646
5175
1996
2715
2015
3954
2676
4358
2699
3379
4037
5912
3336
876
2117
5551
3993
1957
2258
6109
1301
5407
3878
2118
5957
4831
1329
5668
3726
4783
6116
5737
405
2521
516
2669
3219
2885
3460
428
3268
3829
4572
2114
3897
1900
1884
2078
5903
4921
2558
2451
3912
6190
4482
5014
847
2678
2612
2023
4174
2528
3551
5205
1413
4253
2979
6216
1714
1664
5467
330
1179
1606
4567
4871
6123
469
2447
3257
3221
714
3434
5762
6019
5925
1960
1103
5300
3935
21
2269
2968
5509
4832
5094
1023
1931
4516
1059
5989
18
2398
5601
1442
1210
2459
4254
4557
1682
742
1838
4865
4272
6030
1559
1548
6113
2834
1740
5669
4306
1666
5361
6017
2851
4454
4907
6256
4965
2045
2178
5712
4964
831
2542
3882
39
1180
5177
4815
1224
6068
5249
4053
3710
4450
5963
6266
5562
364
5158
5187
398
482
414
4802
4392
4303
3136
4874
4598
4096
1850
4687
257
5588
5702
3586
5927
2748
5478
5476
2415
4545
136
4277
5801
5943
4101
5194
2352
3611
1878
705
3812
5178
1786
1540
373
4748
865
3730
2417
5497
4967
6010
4355
5845
5954
2371
6035
5355
3303
6064
3638
3640
1859
932
393
3068
4082
795
1924
5457
5998
3149
6029
3311
862
3432
3091
2589
1511
2532
5265
3793
4816
1096
1268
4058
5272
2407
4451
3252
4488
4361
3744
4300
3571
2242
2959
5991
2975
4126
1802
4979
4374
2769
3237
1468
4682
75
4891
4097
2493
5167
2323
4537
4063
3694
4616
1652
1505
5535
4117
1181
5453
4538
999
119
4993
1827
5641
3401
5823
3391
4851
462
3204
94
4605
5720
6230
5986
6278
1017
3339
2541
2651
179
6181
3437
2649
5380
2683
5019
1834
4541
2577
1579
3389
2508
5768
161
5002
3527
2139
2837
1563
6027
726
5678
2788
3229
4864
5445
5342
2177
5213
3785
4551
2485
2420
4201
5802
22
1131
3535
980
5586
2527
930
741
3961
656
5904
4298
3266
5579
5447
4172
3224
3128
186
264
6139
897
2384
5977
661
1062
6082
351
5507
733
5485
2680
6233
5525
4863
3108
1223
3195
6253
1863
5201
163
4517
3166
4613
368
4972
2300
5940
1788
460
3199
5274
4737
3484
2129
2982
6220
5868
5374
1812
5738
64
5782
4414
4116
5033
3949
676
1602
5349
1546
4054
3175
1830
4804
5500
1557
2455
400
1259
1372
1816
6096
5534
3875
5566
4191
5682
2734
4892
1376
2842
680
4594
3290
2103
2452
5214
134
3433
4722
858
5110
1792
4445
1774
3735
2549
1815
5976
500
2906
5327
4473
2414
1360
3396
4087
1012
792
1887
4906
4755
2202
3770
4908
126
851
4758
2115
2068
6279
3895
1739
1879
2830
1003
3317
6044
2491
4396
4320
809
1204
2120
1538
4652
6182
3972
3435
6144
2221
4738
1684
3918
1162
4251
1137
944
3679
4970
5633
2863
2803
5084
4660
3601
1940
5024
5357
5212
2093
3614
925
4326
1764
1072
5533
3233
4483
267
213
2805
6023
3281
5572
3086
4848
4456
3120
5775
4751
5714
1577
4380
2055
3758
1344
4574
5051
3402
4057
1592
165
5054
939
4147
2167
2062
1033
4367
3856
4273
3020
4085
4067
4132
5553
195
4841
675
1451
86
2789
6074
5672
2634
1778
3159
4533
772
5832
806
3077
6202
3105
6136
1741
3840
5018
464
5304
893
2875
2077
177
4010
1572
798
6258
1654
4344
4340
3057
628
5888
513
4978
2703
2553
1587
6264
4980
4373
5353
4188
4918
2105
5392
5154
2917
6013
63
2886
1693
986
1781
5480
3716
6040
4212
2236
4179
3489
455
3604
3665
3737
5368
6283
5879
5047
4658
1541
5331
759
2879
268
1490
1073
1550
2059
2110
4790
1811
333
658
3053
1738
717
5491
5610
4078
4249
1178
4479
6170
6247
5685
4206
3310
3438
3123
4766
4243
6080
2663
3150
2967
2020
3545
4100
4224
488
2199
1727
779
827
1671
2843
6261
5309
3376
5919
560
3557
3622
2991
5964
5609
5000
3639
4189
1155
3251
2525
2224
3985
2225
4156
422
5546
118
2753
946
5721
3953
5996
3367
3742
3113
3163
4466
5581
5181
4339
1101
887
3573
223
5875
751
494
6085
3791
2028
5711
2480
6051
2617
4336
6024
2911
4547
1864
3646
2084
258
3277
3794
353
182
3780
1119
5059
3231
503
3786
4870
1729
3449
3706
4989
4801
1882
4595
873
387
1042
610
1585
275
563
2298
2503
5751
5264
1183
4963
6041
5625
6165
684
3005
2326
3493
615
906
1634
1359
5237
1519
4328
4033
1337
2499
5928
4073
2507
4070
3783
4571
3021
3796
5898
3790
6131
3929
3463
1199
3839
775
3880
5236
5030
1911
4145
3581
2017
3095
260
1027
5945
3051
5027
2840
3939
5088
2893
5512
1174
6046
1069
3
5574
5537
4709
4162
377
57
1278
907
4027
740
5761
6115
4920
2973
6121
2705
2887
3459
2009
3734
43
5590
288
631
3404
5538
7
528
4600
4812
1828
1891
325
5305
2297
4608
604
830
4496
3443
2353
4218
5436
1939
5809
2408
2302
3141
5195
3035
2421
4060
973
2698
878
478
1865
5541
5594
200
3919
589
2270
1748
2631
4074
1316
3408
769
2523
6156
5649
1653
4104
2041
624
899
1373
5142
4903
3697
2211
6054
2944
3525
5754
3333
3473
4645
1527
3773
3899
1695
5458
3446
5405
4470
5563
5844
1680
2956
2387
169
623
2405
5766
4422
5496
6187
5046
2599
3354
5684
1668
2522
4935
955
381
3977
2920
5215
74
985
5197
5196
662
159
62
2440
259
694
3032
607
1661
31
1037
1430
5863
4714
3394
902
5459
2346
2157
4785
3873
2468
1967
3857
6237
1591
2524
1768
2727
3214
4750
1719
868
3552
5786
5663
5344
4676
5560
4481
5611
2348
4209
4700
5618
678
4427
1288
3293
526
6152
1382
5951
61
2259
4084
4003
5101
284
972
1347
1486
6157
3169
5123
3647
389
5081
582
1187
4250
2155
4110
4086
2267
3034
1141
1426
208
4474
4924
2121
4830
3298
600
2303
2721
2377
3218
5814
6246
2894
6117
2111
555
1158
5074
4401
2716
3452
2135
6236
4782
5829
4968
5225
1045
6102
4950
5890
5503
1700
838
2142
176
5674
2279
5404
4349
4905
2383
4095
2172
1626
3517
3188
5475
3609
3802
708
394
2606
2831
1855
1534
5811
3027
5703
1763
4371
4034
5799
1622
3145
5465
951
2605
4204
4549
1722
2209
3819
2501
915
3456
535
5972
2595
803
2382
5870
5160
67
5439
3205
1432
3138
5150
1097
2765
5433
2897
5718
2490
1780
2828
1561
2433
3577
188
2755
750
432
3991
1889
4795
239
5734
1454
5843
5182
2543
3381
1513
5279
2193
5041
1462
1675
206
5202
4792
1274
4927
1349
5287
2618
4429
1348
5414
1530
4348
344
845
2702
4222
4423
1932
885
234
5354
2754
49
23
1407
1319
3398
3752
4513
2903
983
2872
2091
2614
5062
4747
2151
1914
6097
5795
3574
3296
3313
6055
5276
4475
547
3613
5896
4883
1861
5826
6164
635
6249
270
5900
3029
300
2158
4583
3664
3422
5973
1067
1265
3507
4852
5942
2044
1785
1620
1517
1578
3368
689
5172
2053
2361
1276
4408
4525
2430
4480
1840
2488
6033
1570
1325
1215
1725
1477
3787
421
1055
3066
4410
424
1153
3662
4948
465
1574
2613
4724
3536
3031
4734
3814
4696
220
1035
4777
1639
2100
2839
141
4330
427
1593
1964
2766
5056
712
2393
5176
5999
2342
174
6143
1194
87
6118
3483
5626
5378
2204
2965
4630
4742
1393
1576
2704
2163
1956
3808
4046
5365
28
2864
4196
3826
4493
5842
5348
4990
5517
1277
1080
140
611
2337
2637
382
2385
3087
1992
1166
3815
3340
41
4447
2598
748
6192
5519
2304
2736
4432
1409
3184
2545
1503
4929
3151
132
4683
408
3934
2689
5818
1833
4128
5621
4219
4607
5642
1696
3441
5906
1553
5455
2815
6183
1948
3542
5915
4180
3798
1618
4998
3712
4416
524
824
3004
4931
811
5978
1353
937
4911
4559
808
6081
3626
6245
1484
5291
1299
5660
4565
848
5833
4148
1285
2996
5793
1453
2547
4542
4623
3353
3996
1211
4323
2469
5836
2583
5186
363
2622
4337
1935
5578
2024
1436
1771
5841
4152
3156
2090
4861
855
2677
210
3843
4426
3648
3467
5506
4478
1532
1243
668
1305
3321
1910
649
3670
5815
1399
1327
1646
5593
1184
4469
1773
763
2229
2902
1245
5057
756
3559
189
1611
5779
3160
3244
1796
1034
5492
2695
1912
5817
5282
707
4588
3958
3117
3471
5319
3666
3703
4558
1104
3192
5253
2154
6058
643
5658
4341
1218
5005
3642
3488
4412
2966
3154
4952
760
5952
5993
3185
2464
1776
5385
1165
4069
2351
3965
5141
286
1662
4729
6134
4342
4376
440
5147
1331
5819
1253
3830
2141
2735
241
2630
2330
4389
352
4270
5113
5387
5246
3308
4811
988
548
2404
3522
1909
4947
4827
3947
2667
2884
5696
4293
65
1846
1008
5677
1731
4973
2266
2960
2604
4686
205
1108
4789
3373
2443
1723
2457
5262
1138
2737
6172
2628
3616
185
412
5086
5381
4154
2534
4641
4332
2749
3417
2462
5639
4988
5125
4959
1154
4797
839
1969
5635
3316
2510
4672
5680
3506
3390
4364
3956
1163
5402
1338
1705
1760
3119
371
5585
4425
6141
5907
927
1759
1231
4878
4844
1976
2860
4934
3015
566
2088
1545
5959
5735
5048
2188
2063
645
6200
3946
166
1489
3382
1457
5630
5638
5469
5050
1206
961
4635
3090
3841
6038
278
5860
4527
3888
5813
3280
853
4369
2738
2570
5448
5449
4584
572
2998
822
5367
4643
1389
4649
5893
6047
908
3074
3094
2315
804
863
935
1991
2288
5640
4071
3143
5136
76
6014
2505
5605
4671
1323
2484
155
754
435
1052
3658
4599
3261
6234
2112
1022
4834
4487
4695
2147
5913
3111
2275
334
4294
1120
2223
784
2684
5109
5688
4717
4453
4710
1562
3635
5558
1170
2450
280
1431
4199
2128
2759
2816
3309
3295
585
3170
2418
1469
4236
3532
2874
4531
4856
1106
4099
1880
354
3561
5235
2713
5874
4867
4971
2152
3455
723
5731
4704
734
2284
602
2198
2992
2767
570
921
4171
4029
5513
2531
4589
3765
1290
4662
3100
3627
3844
5902
2056
4463
1363
3135
1972
5743
5487
4012
401
601
3568
660
3377
688
2824
5543
1512
5756
4586
2682
5218
2002
1177
5810
4144
1595
5679
5871
669
5431
285
1686
5629
6087
4266
5693
5695
3940
4667
5962
5847
2069
6250
6218
755
1064
3245
148
273
1321
998
3778
2087
295
2829
765
5389
3570
1955
1704
816
2124
1616
2964
2648
527
1398
1391
5067
4838
175
2921
1867
4022
1437
4524
3745
4025
3468
5749
2046
4286
4287
5065
5369
2787
397
3282
4556
4745
301
6280
5277
1958
3807
5971
4039
348
3292
625
2301
3963
2692
4522
135
370
2576
2770
6086
1809
3510
2481
