218
5061
5400
4296
2832
6028
3372
2565
3320
2643
3500
3720
1929
5029
3714
5494
1214
3215
1539
5938
1615
145
4679
1098
5358
859
293
817
1692
2328
5549
826
4400
3343
1783
345
3837
5901
1888
2011
1203
3267
2730
298
4587
2817
5707
6198
291
975
3089
5071
429
6175
5193
91
9
3210
283
2720
3962
276
984
1667
2395
3906
4461
5851
2760
5121
995
4321
2438
6196
4007
3836
2758
5153
5908
2978
4129
3998
4443
584
1440
3477
3172
3232
3306
3524
1461
1464
5360
1298
3307
3318
5466
2454
254
281
4691
6259
5631
517
5917
2916
1429
4985
5098
3126
580
5161
3115
2339
1038
27
3887
5245
4407
2579
2123
347
5985
1971
4670
5017
3705
173
3444
1465
1191
253
2904
3082
5946
4379
3206
2071
4441
5229
256
4846
3917
5548
2808
4770
5887
5219
6271
4111
3952
4108
4375
4803
5740
4581
3502
617
1644
1975
1554
3578
2883
963
116
1610
2694
2213
1752
2176
934
3430
3497
5930
5577
1933
2379
2533
3909
537
3134
1028
5336
228
4961
647
4016
545
1673
308
383
2986
5557
1923
4857
3630
162
6127
4578
2318
2552
4133
3932
3886
279
6251
4015
1405
3400
1284
2200
1856
943
4186
1122
2988
3955
1528
1197
1742
3285
1536
5895
1233
2478
6169
4732
1190
614
6167
3047
5926
2426
5418
2743
2094
2085
5675
1007
4278
4897
4092
977
4951
1142
3022
3003
5228
3063
5099
3140
5997
1148
814
5892
5306
106
1810
6212
350
4197
1607
3870
3582
898
3981
791
1583
1173
2655
686
4759
459
3910
4031
6101
3085
1448
5386
2183
4956
107
1444
4230
2538
3779
96
2908
4202
575
4526
6222
4882
1617
4494
6001
2889
5093
3980
5935
2796
388
770
4267
837
991
2513
10
1862
209
2710
4592
4817
3602
3276
2733
5910
2039
1068
3217
1139
3247
2836
2853
2037
2728
4875
3982
5627
6166
4626
2601
519
5330
1481
4210
341
1801
246
1640
5559
2792
2029
5420
3050
4946
2036
4535
2835
3414
1375
4612
2324
2249
492
938
2659
6211
5106
6142
2367
2688
5350
1452
6193
2369
2010
1608
2791
5038
52
104
4760
1798
3835
1292
1013
3474
2203
3699
102
3975
4393
231
117
3514
5430
93
5659
2948
2773
1915
5488
2563
3768
4580
1488
1144
1015
1571
796
100
436
2025
2866
4633
4919
357
5807
4019
4576
1746
1926
2186
1336
3733
2489
4855
1782
4449
953
5733
466
622
2857
5785
5288
55
3915
2448
5180
4269
532
3533
4457
3651
3668
5929
5408
3137
1784
5606
6103
5486
1280
5189
2470
1543
3411
2294
3971
5472
81
2905
5425
4418
965
4372
1715
917
5583
3439
5324
4208
4004
5889
1324
1612
5322
6227
911
5152
4654
4072
4177
5317
4305
6207
5043
1434
3403
2712
1346
3018
4381
5979
5717
109
2210
180
1123
2685
1009
4075
1603
4234
2980
265
3078
2257
4490
1659
1237
2750
5876
4859
4275
3183
1568
5524
244
4609
2004
722
4127
900
3049
2983
1202
224
978
3060
1526
3547
4757
4771
1247
3544
5211
2942
4678
3275
5082
3209
5805
3747
5483
282
2877
1449
2822
1660
2431
2096
4933
2802
5073
1362
3554
5923
202
6231
1364
266
322
6072
3632
2159
2744
4949
1054
3447
5982
5502
3412
2291
3596
4198
840
5401
2847
1279
2985
919
5301
1920
4820
1925
2939
3235
2390
5396
5370
716
2922
5397
3621
1024
5372
4366
4620
168
1494
3633
3943
2182
1821
473
5624
1286
1472
2994
567
3234
4213
2073
66
4307
5692
2092
6132
671
3893
2804
5003
34
5083
1906
1471
5250
4625
3832
1463
2238
3869
5321
320
5334
3539
5107
2910
3429
2801
1521
3476
1266
3784
3927
4062
1945
3951
12
3842
673
3806
294
536
1121
3079
3387
3238
5948
2781
1369
33
2370
3608
1793
4395
4680
1255
860
144
1039
1669
324
1795
5552
1401
4799
4246
4090
1147
3046
1567
4999
3081
1898
4573
6073
443
1994
4800
1238
4909
1869
3116
3421
1287
5719
5941
3133
1556
4242
5916
3859
5437
2560
5837
4674
5008
1637
832
3304
3588
157
5298
3550
964
3905
4362
1315
2871
5157
1384
3540
762
5204
1424
1954
3065
2952
3605
833
5345
4080
261
4974
5411
3384
4308
3801
5869
829
1817
4260
477
331
3740
215
1854
701
5124
1999
820
1236
6267
4192
1831
16
1474
4566
1690
314
3868
3038
504
768
48
2132
6226
3350
4500
4264
3465
599
2706
1283
1978
2254
4577
5295
3978
2858
4749
612
5188
854
2392
2251
5956
2174
1904
5532
5130
2207
4384
5308
4135
1651
3442
663
541
2764
5112
2607
2526
5383
4440
5969
958
4854
3612
5323
6151
4954
5750
3704
95
3273
5514
3264
3876
5388
1447
2624
3274
3260
6242
211
1396
6176
2126
5315
4195
807
245
1973
704
489
1724
3207
4628
3048
1632
4753
5599
3656
2423
3818
5730
3877
993
571
214
4629
3239
3164
3451
2441
5628
4966
2838
152
5155
3198
1631
5332
5861
3690
1282
936
3370
4847
3990
3738
4157
5184
3922
3069
3624
90
4226
6224
5092
1021
613
1642
3660
2192
1289
2539
2546
2950
5715
2711
5796
3009
621
5233
3270
1044
1678
3491
1922
3395
2608
841
1118
2138
4262
2168
3881
2931
4668
4221
4165
3088
4467
4636
3241
3764
6281
5828
1558
5894
2953
5515
1908
6221
508
1408
4043
5227
2557
4448
6208
805
5105
5307
4215
1832
184
4769
4534
2380
2322
881
5587
849
2072
4631
1497
6056
2130
4124
2892
6015
449
2287
1860
2050
5933
5427
1670
309
5608
2656
945
3960
6199
5824
3513
2556
3278
3847
3569
2432
6012
553
3454
5568
2048
4318
2573
1114
6180
3331
2591
3948
318
111
3025
2918
461
1263
1417
4591
2416
766
2260
3824
4536
5341
4265
5681
198
390
359
3097
4131
5732
4166
1378
3255
2726
3775
2810
3334
5379
3973
5662
3590
797
4428
45
471
495
5016
1500
1905
1267
5745
6239
78
3598
1200
3928
2561
6084
4675
6092
6153
4925
3595
794
124
731
3445
4309
5598
1083
6094
3378
1707
2244
5742
2108
3419
507
1322
4727
6213
5661
5516
250
251
3686
5772
1482
1825
2329
3043
5299
2544
4350
4842
5269
886
1171
1381
6210
6037
6007
131
5004
4694
4550
367
2679
3631
5790
1851
3673
2001
3872
2444
2412
3931
5328
6
4217
579
1185
2366
5691
735
5646
1061
3490
4505
1387
4142
987
153
137
2314
6108
4083
1916
3543
4720
4151
997
1564
5316
1993
3374
5421
6276
773
5816
1040
954
5825
3723
3760
2915
1048
5792
743
6240
1853
2814
3698
1849
1605
3548
4752
4368
5393
1894
3161
4887
931
2066
3125
5886
3599
2479
4866
1295
627
783
4173
3342
4334
3520
2592
2220
5852
5416
632
4024
1261
4904
989
1312
172
4455
1507
3147
2148
2984
5567
2134
5131
6197
3722
3503
6077
926
6174
4485
4383
5115
5666
2693
4932
3093
1498
4115
481
2054
1404
3364
2272
4822
3803
5403
1962
2674
3033
4041
880
5460
4977
498
5022
5192
4109
2652
5108
4735
1317
358
3328
2005
3399
1156
559
3213
6263
4896
317
4659
1300
5920
6066
4828
3986
419
5713
4716
5607
2336
5440
2101
3146
2658
3825
1011
225
4061
1533
3589
4245
5102
2896
4618
5244
2030
866
2806
3071
3286
2495
2357
1351
3655
1509
4910
3300
3945
4719
1221
425
2047
5463
1508
4431
1355
3297
2482
5489
5275
2859
3942
5011
4107
4035
5924
6228
2919
3717
1504
3314
896
4138
3772
5075
515
3174
5518
1018
947
5443
5001
2413
242
920
3284
5428
5191
2701
3914
844
2185
730
3250
5208
2341
3208
1129
1366
6079
249
3861
918
2394
3920
3007
2196
3641
112
3516
5251
4568
2741
183
4648
3203
4259
1892
5872
5806
472
3964
594
1005
3756
25
1307
3606
372
3751
5932
1254
637
3263
3711
1358
5995
5060
1845
1944
1730
1470
5853
5701
718
2878
3129
6000
5364
4338
5988
5764
3667
5821
5653
2747
2007
1374
3348
5111
2476
5231
2052
3661
2763
3349
3941
1679
4175
5185
1078
5034
5077
35
5169
1687
2144
2673
1136
1186
5326
3546
6126
6160
5257
3853
2145
713
1415
335
3330
4161
2475
4575
4289
1775
1345
1445
3541
883
2995
3158
2264
4178
2381
4843
3012
1459
3080
3410
586
3366
98
2498
1250
3746
3823
4960
5922
3457
4170
1805
1575
4168
3083
4064
3110
5055
3448
2040
247
1619
2774
380
2232
4205
1551
2969
3269
3530
4356
3903
5576
3938
4685
2596
6244
4510
4702
1569
1335
744
1414
5706
2946
1800
1370
1016
4091
5584
2771
1302
2222
2419
2873
5615
4011
6119
4459
4068
2600
2635
3687
2070
1222
2483
1638
5747
5603
5613
5097
4028
2610
1702
2825
1125
4112
4378
1753
3480
5987
739
2429
5382
1701
1645
3649
4365
1499
5135
1111
2403
6034
1132
879
4983
2776
97
2784
5867
5290
2602
4585
4521
379
2227
2356
5899
1890
1495
3930
1467
2852
2194
928
2550
1822
2345
4987
4484
4957
2359
4813
2927
1893
326
1824
1294
6238
2762
3678
5471
1985
4779
1081
1970
5417
1601
2650
1047
497
1735
2034
263
2349
514
2343
2593
2799
910
138
1716
6168
2798
4465
2307
2136
4464
2049
191
6189
4744
4825
949
3302
3509
2800
5085
6061
374
197
3528
6026
4419
1086
2360
3754
976
1986
3529
3254
2228
562
4733
6059
68
1896
5076
4787
2239
2709
1107
3258
1681
2472
4438
538
638
3987
5939
4912
5281
5540
2972
5138
3672
376
4809
1656
5241
2954
5934
1777
3481
3564
1876
4692
4548
3176
2844
5690
1124
3671
303
2106
3925
418
4257
2335
1394
2653
3326
3729
1105
552
2212
4134
4123
1560
3566
2742
226
6111
3992
2898
2262
3728
968
1963
470
2299
1663
4582
5234
5620
160
1386
6104
4444
2237
2990
1943
1613
2016
4621
510
4248
895
3634
1167
5858
2347
2620
1085
5117
4994
857
5311
2581
3957
2162
4093
3515
2156
3597
636
856
438
5961
5499
1584
5238
542
3792
4937
1019
4528
2031
4653
593
3620
5371
6053
592
4996
1989
5230
2793
679
2961
843
5949
6039
1133
5838
2867
4705
2625
5156
4331
3926
5992
5651
3580
4681
1264
2125
2895
695
3383
2644
3130
1371
1961
3663
6106
5375
1501
922
3889
4363
2231
3436
5377
2080
439
217
2813
2623
1225
4150
761
3371
3979
3495
4274
203
3380
2278
821
1951
1310
581
732
1010
3329
2786
3659
4552
5220
4056
6018
248
3453
2208
5589
1433
5053
3289
2691
5064
3619
2811
4042
1847
777
4345
1031
4119
4200
3287
192
5634
5052
6100
1297
1416
4081
3064
3518
2928
4319
6031
5820
2160
3249
3966
1549
3335
3584
3643
2752
3194
4518
1974
4895
5700
3427
664
5261
5694
4707
1843
451
3891
2338
3315
2981
2707
785
4539
5673
5243
4225
1761
6083
5891
5804
2619
2276
433
2006
4615
1772
3466
5846
484
3549
4740
5012
4406
2477
1757
4390
5482
6260
4723
1357
3153
1388
2785
4544
3833
1308
480
4354
5347
5216
6004
4818
4106
4036
3359
5530
1515
3475
5313
5746
3431
2248
1400
3916
6219
2311
2376
149
2509
4322
1226
346
4712
1450
4434
2
5498
3301
5096
2344
4512
2564
5070
4936
1694
502
4711
3319
2104
2424
194
2410
609
2255
4869
129
1334
587
4858
6173
2065
5726
5015
2567
1733
5840
1987
1913
6150
2780
2914
5573
530
1032
4006
4922
6065
4238
4018
4216
3657
4486
1525
355
4741
3008
1480
3196
3223
5432
4499
4819
1790
4622
6078
4311
1984
5446
4889
2435
4632
4137
5266
3845
1995
3001
292
1544
2909
4520
6090
6275
402
1765
940
1212
2597
5384
3246
1918
1858
32
2588
5968
2976
2584
4823
2820
5937
672
71
1176
3271
2627
4969
59
4468
1383
6145
1581
5089
2406
2529
1113
1350
4793
4684
1475
2535
1950
4837
1586
1657
1112
4926
2320
5289
6120
6032
2718
193
1392
1804
5239
5247
2934
5468
690
597
4324
3011
903
5338
861
450
2945
4853
2775
3817
1706
1518
1368
1249
1460
1257
1100
3774
4876
4693
5116
3736
3769
790
366
3923
5390
1946
2437
2514
3579
909
1789
5850
4826
3265
3537
2923
2587
1306
2515
4030
5340
603
139
2460
2616
5882
3030
85
5091
4982
3228
4442
550
4343
4026
4491
5149
5399
328
3189
1380
2574
1232
5284
3099
1090
2368
5974
1002
1026
2580
1379
1937
1479
6050
115
578
5310
2779
1965
297
1934
3469
3504
4942
904
4698
4241
36
2516
437
6154
6268
4673
5223
5200
4184
2504
4778
2849
313
2540
3969
4295
2777
6177
3519
1857
2274
3061
3424
403
4728
2321
4627
3325
2962
6209
3155
1493
2739
3178
2140
5849
3058
4761
2191
2888
4597
5198
551
1728
2594
4697
4814
3592
1665
3144
5980
3944
447
2686
442
3327
4228
533
4314
942
1168
3181
1600
3478
143
392
434
2662
105
2195
2067
5561
3075
2458
255
5028
511
5727
810
2929
2492
1004
5784
1333
543
5556
1385
5921
6008
2772
3512
5302
2292
5221
588
2051
1848
4316
6057
3534
2333
1866
4596
4713
5095
3426
2122
3936
4829
3804
2725
4051
2795
4553
1239
1483
2913
1677
237
4413
4981
2963
6095
5023
5698
4458
6140
269
3054
5683
956
4017
2723
4503
4357
6273
5126
4706
5776
1063
5522
1195
4669
3407
4730
5757
6009
4944
5767
3890
446
3487
146
4472
232
2856
5090
815
529
5704
5026
3026
4756
3010
5484
4657
4941
99
3361
727
2241
1949
506
698
6158
6112
2327
1938
1529
5025
1422
3795
2519
1629
4839
5643
3997
2554
42
1980
3617
967
2296
5759
564
1589
1516
6006
5199
2388
73
5983
3352
1555
2389
343
167
974
4688
6005
3761
6122
3182
693
1487
5716
4347
5144
736
2664
540
1820
5335
3855
692
1198
1807
2215
4121
5325
4614
1885
2626
2672
6105
2079
629
5619
490
3521
4229
666
3409
4995
5758
5280
1736
3567
1979
1720
4105
3416
6214
6088
1691
894
2310
1649
948
4439
1390
852
5040
1161
5162
3610
1093
3983
4611
453
753
1157
2378
3901
4791
2500
327
950
5970
2646
3059
5254
3283
3933
5283
3002
2268
994
2807
4845
3629
5114
4297
133
3288
5203
5339
4703
1635
729
4452
4810
2502
3259
3625
771
2217
1134
4089
4540
6075
5763
5967
3062
3691
5827
4415
699
1614
3777
1140
996
2486
3492
5037
1217
4237
4833
122
2214
813
1826
8
5582
5958
5885
4767
1342
4975
1794
4185
682
5797
969
888
4048
5950
316
3351
3680
4023
396
204
2850
3118
5069
864
56
3171
5419
1522
2636
5137
3112
4569
3162
1159
992
3420
3114
715
4120
3037
1046
114
3759
1717
2855
1872
522
2113
262
2675
2559
1377
3913
2305
5164
127
2899
6186
565
2841
3800
2632
5529
874
5798
5252
778
3187
3974
2993
3523
2153
2003
3553
3294
156
5063
5780
4805
5652
476
5710
4066
6232
4725
4045
774
1998
3852
3911
2575
4511
13
1127
5542
5464
5259
3212
6076
485
2058
3165
4159
3696
3098
3677
2714
1624
3741
5451
1873
120
3999
2261
2309
58
2295
338
2809
5373
3305
1767
2189
4386
4417
574
6048
1365
2109
5570
3262
6265
5709
1406
3701
4304
990
80
1537
2107
5777
2422
1473
1808
2987
1367
2818
2647
360
128
554
5614
5830
3585
2882
2230
4992
3562
4325
5346
337
640
3950
2732
4604
4772
3689
5438
2890
4836
216
4840
5042
5739
222
1927
3248
6099
3828
3834
6003
3682
1272
1242
2386
933
2312
5473
201
2731
5600
2826
959
6107
5671
1149
6021
221
4405
3511
2812
905
4398
5736
3675
4519
2018
1420
3413
3650
5080
3338
4232
296
14
1130
4880
1874
4284
1441
454
1201
2936
4638
6093
521
3458
4663
818
5470
170
3892
5395
365
4894
764
1749
158
4471
3591
2022
5021
5936
6128
4335
2778
1573
1547
5248
3041
1621
1077
2146
534
842
3148
3827
2642
1947
4650
2951
5984
5119
782
3884
2891
5555
5597
1070
4352
2331
1260
1402
3695
1875
737
546
2064
2880
4000
1721
2445
2197
1770
1745
4560
872
2496
4281
4997
2234
2530
2391
4014
2590
5697
6269
5527
1151
3850
1818
2286
3157
5145
738
3976
2397
3344
444
4690
1050
745
4497
5990
5226
2363
2512
5612
3681
1146
5881
1428
1273
4784
307
5366
4914
4677
923
4160
3197
2285
5755
2633
1361
2102
2184
4881
5020
5781
1726
385
4409
1229
5363
2396
4913
3017
4169
235
1256
5255
1109
1352
2717
5866
5839
3179
834
2465
531
3753
5622
4310
4762
1049
2912
3107
4590
5536
620
1747
2293
3450
5654
1496
3076
496
2640
6067
1303
3636
3122
6016
6025
2076
3363
2133
3575
4261
4288
3838
4546
5617
1246
3583
4624
889
361
2471
1836
6133
869
5655
1094
5774
3805
1997
5170
6217
3854
493
1164
1205
780
1718
5664
966
2555
1051
2308
2870
5722
3820
5314
3603
2566
595
687
5699
4879
5166
2585
4774
26
5769
69
3220
5591
1959
4642
3749
2506
164
5329
1643
4647
3902
6129
3042
5686
2325
4776
3721
2243
1590
108
4329
1056
4708
3341
4821
4088
3883
3369
5592
3312
24
6262
2449
665
4610
823
3173
2661
1476
901
4923
5242
4943
2283
1095
2035
3102
2427
4194
3766
2362
3864
1983
2061
1258
5312
6011
4437
4130
5173
3748
486
4283
3362
3531
5803
4532
19
2722
4868
1902
6089
5944
5049
4561
72
1228
2247
4076
2970
5268
2845
82
619
5857
4114
1803
1535
2751
4231
633
299
670
3866
5981
4158
4065
724
3505
4207
457
2833
1058
1697
1169
4495
2621
728
37
3924
618
1813
4640
4164
2218
1734
6125
6188
5256
4370
4377
4256
4360
4239
40
4915
2729
474
1510
2881
5140
142
4353
3995
3501
1751
274
4715
1566
4773
6195
409
1981
2400
123
5854
4005
312
2666
5426
960
2149
2517
4394
2941
5171
802
3789
2252
2355
4002
4430
51
2316
2821
3482
1842
6147
4059
4928
3253
1207
6241
3652
957
3084
4930
499
4279
5883
5571
1743
47
721
3322
4786
4333
4917
5554
70
5267
5359
1189
4739
4743
525
1241
1650
4637
3719
2374
5479
556
3970
181
1737
3984
598
2143
4220
1928
4052
1917
411
3067
4317
2372
4765
4258
5955
3618
5636
2700
6235
2097
653
5544
1758
1868
924
590
1877
6042
4890
5183
4563
6194
6060
4835
1466
867
4768
5128
5292
5975
323
2313
583
3485
4291
3242
6045
4382
4666
3904
2271
5856
683
757
3700
3486
2494
3967
1870
1502
5725
4515
4634
2137
1304
5596
5343
3418
2568
5791
1683
2690
6274
5670
4411
2205
2949
5523
800
30
1787
4899
5424
3388
4555
3019
3908
685
5217
3968
420
702
1043
788
6272
6098
4032
4047
2569
4388
1025
3127
3865
2402
4602
2974
1029
916
2957
4862
3692
5442
399
5539
5120
3356
4962
2099
1438
3669
1053
5039
642
3044
15
749
2013
2582
569
2819
1339
336
3393
5454
2932
5179
970
4664
287
5006
2943
4780
3200
1143
2436
1588
1630
2127
4514
3299
5665
431
6130
1354
4055
2868
2373
4346
2466
1088
4315
4763
3739
1418
1006
5207
5787
404
4884
1
1709
3039
1628
5495
4562
1542
4991
5474
787
3191
4446
2761
2724
539
5260
2938
2794
5271
2026
3470
6114
5045
5521
5278
4661
2797
3201
6036
2696
4290
1633
5504
1676
5151
5133
3732
1076
825
2901
4807
1672
1126
1897
4655
1227
725
1403
44
230
1769
2869
5708
1799
5452
2848
151
1456
501
3496
5705
5724
4359
4009
2081
4617
1655
2827
4570
6229
5122
5812
1240
272
979
4436
2340
1332
3809
2641
2456
5647
2474
1291
3607
4877
650
1251
5918
801
4153
719
2971
5078
875
6091
3202
3216
3937
5650
5520
4008
2487
5602
2977
5477
835
3345
4543
5575
5286
304
6110
6002
520
1703
310
3674
1886
6124
2365
3124
5947
4163
1328
2277
3653
6043
339
83
3494
5456
4888
5337
2164
5545
6063
3358
2511
1318
3167
3070
2854
416
5531
4726
3226
1930
1689
17
3782
89
709
2043
5771
941
46
3386
5103
3776
2654
3323
1092
5580
591
4301
576
2657
483
3921
4312
1977
2467
1819
6270
6185
1248
1213
11
4214
5031
2180
1060
479
3959
4049
1128
2282
5914
5412
362
652
3193
1066
3211
5148
3225
846
4460
1219
630
3406
5994
1145
5168
5163
4504
5800
706
5667
4736
4255
475
3055
1439
1193
2165
4263
1446
2290
2746
1343
2782
882
1598
5143
302
5637
5318
150
3479
2399
321
6148
651
5966
378
252
3708
3006
1919
5320
5547
3811
4902
2933
648
4247
4098
5297
4477
1196
130
2027
4044
850
5744
3683
3693
4893
1841
6257
2317
2924
4235
5760
2907
219
53
6070
605
1075
6149
50
2083
4397
3821
971
3849
634
982
4530
1968
4094
1596
2233
4579
681
912
3799
5687
5
6052
3676
962
3688
5462
1311
3243
1744
2012
3073
4077
1116
5689
781
3461
6178
1899
2060
2586
3177
4506
1269
1762
3036
1881
3168
1230
5848
2639
4282
349
1152
4824
395
3028
4233
2681
4601
1552
4183
870
3988
2660
1057
2265
1523
3871
4252
812
3755
4103
277
3874
101
2603
1756
2463
1936
1565
2768
3103
1234
3385
60
229
4435
4140
1755
1625
3056
884
305
2075
2989
4501
3190
3498
789
1966
4299
5765
1314
2253
5352
3131
2442
1907
1524
3332
5190
691
3896
178
4508
1208
190
6155
4900
4850
1609
4873
2611
4794
4523
271
417
1262
1990
2439
5911
5036
2958
1395
4646
3750
2536
4020
596
113
512
1192
5604
6020
4271
890
3472
2740
1115
5728
3863
4754
1641
2937
1235
2119
1000
311
4984
1041
2216
1871
4462
3885
243
1313
1220
1421
4746
423
2473
1688
290
3440
4507
3707
3096
1030
4125
3900
1582
1188
4976
1079
4182
187
4498
1172
1779
4313
2273
6201
4050
1036
1953
5139
4644
544
5441
4502
1071
2179
1636
2520
456
5087
5066
4953
5356
4593
5009
110
